 nproctot =            1
 eqsym =  T
 angmom =  F
 dr0 =    5.0000000000000003E-002
 dz0 =    5.0000000000000003E-002
 Nrtotal =          200
 Nztotal =          200
 Nb =            0
 Nl0 =            0
 Nl1 =            0
 Nl2 =            0
 Nl3 =            0
 Nrbox1 =            1
 Nzbox1 =            1
 Nrbox2 =            1
 Nzbox2 =            1
 Nrbox3 =            1
 Nzbox3 =            1
 rbox1 =    0.0000000000000000     
 zbox1 =    0.0000000000000000     
 rbox2 =    0.0000000000000000     
 zbox2 =    0.0000000000000000     
 rbox3 =    0.0000000000000000     
 zbox3 =    0.0000000000000000     
 mattertype = vacuum
